image_width: 1280
image_height: 720
camera_name: ov9241
camera_matrix:
  rows: 3
  cols: 3
  data: [7.3010026525305761e+02, 0.0000000000000000e+00, 6.5644748453459908e+02, 0.0000000000000000e+00, 7.3013231638633215e+02, 3.6453246619236791e+02, 0.0000000000000000e+00, 0.0000000000000000e+00, 1.0000000000000000e+00]
distortion_model: plumb_bob
distortion_coefficients:
  rows: 1
  cols: 5
  data: [9.5579811910832937e-02, -1.0497668155938568e-01, 1.9159055240590731e-03, 1.1390991093992312e-03, -5.2724668734724513e-02]  
rectification_matrix:
  rows: 3
  cols: 3
  data: [1, 0, 0, 0, 1, 0, 0, 0, 1]
projection_matrix:
  rows: 3
  cols: 4
  data: [1, 0, 1, 0, 0, 1, 1, 0, 0, 0, 1, 0]
