%YAML:1.0

cam0:
  T_imu_cam: #rotation from camera to IMU R_CtoI, position of camera in IMU p_CinI
    - [-0.031870381600819786, 0.003735936357313896, 0.9994850281800884, -0.0795669839692872]
    - [0.9994868786301434, -0.003085325878787848, 0.031881973125802654, -0.04823373136250214]
    - [0.0032028460454485708, 0.999988261702984, -0.0036356888554126554, -0.16515865055436535]
    - [0.0, 0.0, 0.0, 1.0]
  cam_overlaps: [1]
  camera_model: pinhole
  distortion_coeffs: [0.11661738044075783, -0.1572645638073359, -0.00026048269845480596, 0.00013915696476925307]
  distortion_model: radtan
  intrinsics: [484.6306338750718, 485.2871119689316, 310.4152771955243, 213.77953486307285] #fu, fv, cu, cv
  resolution: [640, 480]
  rostopic: /usb_cam/image_raw_left
cam1:
  T_imu_cam: #rotation from camera to IMU R_CtoI, position of camera in IMU p_CinI
    - [-0.009683013836218918, 0.0043629722030864015, 0.9999436002678366, -0.0798000783034866]
    - [0.9999461236676723, -0.003698079180380509, 0.00969917379842078, 0.06962045382358534]
    - [0.003740187835380604, 0.9999836442082096, -0.0043269285902749755, -0.16517025940184332]
    - [0.0, 0.0, 0.0, 1.0]
  cam_overlaps: [0]
  camera_model: pinhole
  distortion_coeffs: [0.11757108467813032, -0.1598530616314166, -0.0006264427186292669, 0.0007720881858971523]
  distortion_model: radtan
  intrinsics: [483.2039527928039, 483.62134739813825, 298.74569793784883, 217.75087745985005] #fu, fv, cu, cv
  resolution: [640, 480]
  rostopic: /usb_cam/image_raw_right
