%YAML:1.0

cam0:
  T_imu_cam: #rotation from camera to IMU R_CtoI, position of camera in IMU p_CinI
    - [0.9999988760717202, -9.122558158217089e-05, -1.4965069962790379e-03, -0.098172719332153090765]
    - [0.0014953090695957673,  -0.011958542620820134, 0.999927376017465, 0.09413963020901864219]
    - [-1.0911499911448559e-04,  -0.9999284899112935,  -0.01195839276983629, 0.0083385692439019013494]
    - [0.0, 0.0, 0.0, 1.0]
  cam_overlaps: [1]
  camera_model: pinhole
  distortion_coeffs: [0.1132066654887043, -0.15665966468879647, -0.0009064480965288215, -0.0001738033870125901]
  distortion_model: radtan
  intrinsics: [483.79432608097454, 482.7285718982298, 288.9952337459995, 259.0605566241141] #fu, fv, cu, cv
  resolution: [640, 480]
  rostopic: /usb_cam/image_raw_left
  # timeshift_cam_imu: 1.1905075485010321
cam1:
  T_imu_cam: #rotation from camera to IMU R_CtoI, position of camera in IMU p_CinI
    - [0.9999950076731015, 0.0005507575508714186, 0.0031114779437593624, -0.020103915966679997275]
    - [-0.003107124895832823, -0.007735606285219909, 0.999965252481446, -0.0013254536075502707091]
    - [0.0005748075817512688, -0.9999699280786001, -0.007733856394046834, -0.09423422770055203213]
    - [0.0, 0.0, 0.0, 1.0]
  cam_overlaps: [0]
  camera_model: pinhole
  distortion_coeffs: [0.11544149572528534, -0.16216449395279334, -0.0009796694151240853, -0.0007005543993631956]
  distortion_model: radtan
  intrinsics: [480.49750011743043, 479.21457902479807, 345.32708252833567, 253.2988320882676] #fu, fv, cu, cv
  resolution: [640, 480]
  rostopic: /usb_cam/image_raw_right
  # timeshift_cam_imu: 1.189857203963588
